

----------------------------------------------------
STRUCTURE by Pritchard, Stephens and Donnelly (2000)
     and Falush, Stephens and Pritchard (2003)
       Code by Pritchard, Falush and Hubisz
             Version 2.3.4 (Jul 2012)
----------------------------------------------------



Input File:    All.txt

Run parameters:
   210 individuals
   8 loci
   20 populations assumed
   10000 Burn-in period
   50000 Reps


--------------------------------------------
Proportion of membership of each pre-defined
 population in each of the 20 clusters

Given    Inferred Clusters                                                                                                                              Number of
 Pop       1      2      3      4      5      6      7      8      9     10     11     12     13     14     15     16     17     18     19     20      Individuals

  1:     0.006  0.021  0.047  0.030  0.039  0.028  0.261  0.034  0.028  0.004  0.038  0.039  0.026  0.035  0.006  0.027  0.015  0.032  0.019  0.265       30
  2:     0.289  0.013  0.040  0.019  0.015  0.017  0.017  0.017  0.025  0.014  0.017  0.017  0.029  0.017  0.316  0.021  0.068  0.019  0.013  0.017       30
  3:     0.005  0.015  0.043  0.010  0.007  0.007  0.388  0.008  0.012  0.033  0.008  0.007  0.014  0.007  0.005  0.011  0.006  0.009  0.017  0.388       23
  4:     0.133  0.007  0.037  0.006  0.006  0.006  0.294  0.006  0.006  0.005  0.006  0.006  0.006  0.006  0.128  0.006  0.011  0.006  0.007  0.314        7
  5:     0.143  0.005  0.019  0.005  0.005  0.005  0.006  0.005  0.005  0.594  0.005  0.005  0.005  0.005  0.128  0.005  0.038  0.005  0.006  0.005       11
  6:     0.270  0.005  0.021  0.005  0.006  0.005  0.006  0.005  0.005  0.318  0.005  0.005  0.005  0.006  0.268  0.005  0.042  0.005  0.005  0.006       19
  7:     0.005  0.035  0.032  0.097  0.049  0.068  0.009  0.062  0.098  0.007  0.059  0.050  0.124  0.060  0.005  0.092  0.026  0.071  0.043  0.009        5
  8:     0.011  0.077  0.045  0.095  0.031  0.104  0.006  0.052  0.076  0.007  0.044  0.033  0.076  0.037  0.010  0.085  0.075  0.047  0.083  0.006       25
  9:     0.148  0.032  0.044  0.051  0.067  0.046  0.005  0.052  0.043  0.005  0.060  0.059  0.038  0.054  0.132  0.044  0.036  0.049  0.029  0.005       30
 10:     0.007  0.268  0.021  0.021  0.021  0.025  0.063  0.022  0.026  0.006  0.021  0.021  0.023  0.022  0.007  0.023  0.012  0.022  0.298  0.073       20
 11:     0.012  0.178  0.031  0.031  0.019  0.038  0.097  0.027  0.034  0.047  0.021  0.024  0.030  0.023  0.013  0.031  0.034  0.026  0.194  0.090       10
--------------------------------------------

Allele-freq. divergence among pops (Net nucleotide distance),
computed using point estimates of P.

      1       2       3       4       5       6       7       8       9      10      11      12      13      14      15      16      17      18      19      20      
 1      -    0.2085  0.1275  0.2547  0.2339  0.2546  0.3357  0.2391  0.2522  0.2494  0.2384  0.2343  0.2581  0.2346  0.0000  0.2527  0.0681  0.2380  0.2165  0.3351  
 2   0.2085     -    0.0480  0.0316  0.0488  0.0309  0.2566  0.0389  0.0276  0.2653  0.0434  0.0459  0.0297  0.0461  0.2091  0.0310  0.0834  0.0383  0.0007  0.2561  
 3   0.1275  0.0480     -    0.0401  0.0293  0.0417  0.1708  0.0309  0.0387  0.2559  0.0305  0.0288  0.0408  0.0282  0.1283  0.0386  0.0202  0.0296  0.0570  0.1706  
 4   0.2547  0.0316  0.0401     -    0.0071  0.0005  0.2890  0.0023  0.0008  0.3455  0.0038  0.0056  0.0021  0.0056  0.2554  0.0000  0.0935  0.0022  0.0387  0.2887  
 5   0.2339  0.0488  0.0293  0.0071     -    0.0072  0.2684  0.0014  0.0105  0.3794  0.0005  0.0001  0.0135  0.0002  0.2346  0.0072  0.0821  0.0017  0.0599  0.2680  
 6   0.2546  0.0309  0.0417  0.0005  0.0072     -    0.2934  0.0026  0.0020  0.3476  0.0043  0.0059  0.0042  0.0060  0.2553  0.0006  0.0956  0.0030  0.0382  0.2930  
 7   0.3357  0.2566  0.1708  0.2890  0.2684  0.2934     -    0.2717  0.2801  0.3673  0.2714  0.2673  0.2803  0.2649  0.3364  0.2847  0.2297  0.2677  0.2639  0.0000  
 8   0.2391  0.0389  0.0309  0.0023  0.0014  0.0026  0.2717     -    0.0044  0.3574  0.0003  0.0008  0.0067  0.0008  0.2398  0.0023  0.0835  0.0001  0.0482  0.2714  
 9   0.2522  0.0276  0.0387  0.0008  0.0105  0.0020  0.2801  0.0044     -    0.3266  0.0064  0.0086  0.0004  0.0084  0.2529  0.0006  0.0900  0.0038  0.0335  0.2798  
10   0.2494  0.2653  0.2559  0.3455  0.3794  0.3476  0.3673  0.3574  0.3266     -    0.3687  0.3716  0.3222  0.3691  0.2500  0.3398  0.2095  0.3528  0.2573  0.3674  
11   0.2384  0.0434  0.0305  0.0038  0.0005  0.0043  0.2714  0.0003  0.0064  0.3687     -    0.0002  0.0088  0.0002  0.2391  0.0039  0.0833  0.0004  0.0534  0.2710  
12   0.2343  0.0459  0.0288  0.0056  0.0001  0.0059  0.2673  0.0008  0.0086  0.3716  0.0002     -    0.0113  0.0000  0.2350  0.0056  0.0813  0.0010  0.0565  0.2670  
13   0.2581  0.0297  0.0408  0.0021  0.0135  0.0042  0.2803  0.0067  0.0004  0.3222  0.0088  0.0113     -    0.0109  0.2589  0.0018  0.0919  0.0056  0.0351  0.2801  
14   0.2346  0.0461  0.0282  0.0056  0.0002  0.0060  0.2649  0.0008  0.0084  0.3691  0.0002  0.0000  0.0109     -    0.2353  0.0056  0.0806  0.0009  0.0567  0.2645  
15   0.0000  0.2091  0.1283  0.2554  0.2346  0.2553  0.3364  0.2398  0.2529  0.2500  0.2391  0.2350  0.2589  0.2353     -    0.2534  0.0690  0.2387  0.2171  0.3358  
16   0.2527  0.0310  0.0386  0.0000  0.0072  0.0006  0.2847  0.0023  0.0006  0.3398  0.0039  0.0056  0.0018  0.0056  0.2534     -    0.0915  0.0021  0.0380  0.2844  
17   0.0681  0.0834  0.0202  0.0935  0.0821  0.0956  0.2297  0.0835  0.0900  0.2095  0.0833  0.0813  0.0919  0.0806  0.0690  0.0915     -    0.0815  0.0911  0.2295  
18   0.2380  0.0383  0.0296  0.0022  0.0017  0.0030  0.2677  0.0001  0.0038  0.3528  0.0004  0.0010  0.0056  0.0009  0.2387  0.0021  0.0815     -    0.0474  0.2674  
19   0.2165  0.0007  0.0570  0.0387  0.0599  0.0382  0.2639  0.0482  0.0335  0.2573  0.0534  0.0565  0.0351  0.0567  0.2171  0.0380  0.0911  0.0474     -    0.2634  
20   0.3351  0.2561  0.1706  0.2887  0.2680  0.2930  0.0000  0.2714  0.2798  0.3674  0.2710  0.2670  0.2801  0.2645  0.3358  0.2844  0.2295  0.2674  0.2634     -    

Average distances (expected heterozygosity) between individuals in same cluster:
cluster  1  : 0.1955 
cluster  2  : 0.3435 
cluster  3  : 0.4071 
cluster  4  : 0.3301 
cluster  5  : 0.3060 
cluster  6  : 0.3221 
cluster  7  : 0.1970 
cluster  8  : 0.3242 
cluster  9  : 0.3461 
cluster 10  : 0.3142 
cluster 11  : 0.3164 
cluster 12  : 0.3126 
cluster 13  : 0.3498 
cluster 14  : 0.3153 
cluster 15  : 0.1951 
cluster 16  : 0.3350 
cluster 17  : 0.3668 
cluster 18  : 0.3302 
cluster 19  : 0.3392 
cluster 20  : 0.1975 

--------------------------------------------
Estimated Ln Prob of Data   = -1550.7
Mean value of ln likelihood = -1296.5
Variance of ln likelihood   = 508.4
Mean value of alpha         = 0.0310

Mean value of Fst_1         = 0.6660
Mean value of Fst_2         = 0.3632
Mean value of Fst_3         = 0.3142
Mean value of Fst_4         = 0.2178
Mean value of Fst_5         = 0.1367
Mean value of Fst_6         = 0.2126
Mean value of Fst_7         = 0.6920
Mean value of Fst_8         = 0.1502
Mean value of Fst_9         = 0.2185
Mean value of Fst_10         = 0.6392
Mean value of Fst_11         = 0.1575
Mean value of Fst_12         = 0.1353
Mean value of Fst_13         = 0.2127
Mean value of Fst_14         = 0.1293
Mean value of Fst_15         = 0.6733
Mean value of Fst_16         = 0.2032
Mean value of Fst_17         = 0.3762
Mean value of Fst_18         = 0.1515
Mean value of Fst_19         = 0.3909
Mean value of Fst_20         = 0.6912


Inferred ancestry of individuals:
        Label (%Miss) Pop:  Inferred clusters
  1 Hakuyari1    (0)    1 :  0.005 0.042 0.042 0.051 0.087 0.057 0.008 0.062 0.068 0.004 0.090 0.080 0.098 0.096 0.004 0.058 0.027 0.075 0.037 0.008 
  2 Hakuyari1_2    (0)    1 :  0.006 0.050 0.054 0.062 0.072 0.065 0.008 0.078 0.063 0.004 0.087 0.087 0.067 0.081 0.006 0.060 0.030 0.079 0.036 0.007 
  3 Hakuyari1_3    (0)    1 :  0.007 0.043 0.048 0.073 0.098 0.065 0.005 0.089 0.054 0.003 0.070 0.102 0.053 0.075 0.008 0.063 0.028 0.074 0.037 0.005 
  4 Hakuyari1_4    (0)    1 :  0.007 0.053 0.063 0.067 0.093 0.070 0.005 0.068 0.069 0.003 0.077 0.087 0.051 0.076 0.007 0.061 0.028 0.072 0.039 0.004 
  5 Hakuyari1_5    (0)    1 :  0.007 0.043 0.058 0.070 0.096 0.055 0.004 0.091 0.056 0.003 0.081 0.096 0.061 0.068 0.007 0.066 0.026 0.067 0.040 0.005 
  6 Hakuyari1_6    (0)    1 :  0.007 0.040 0.050 0.080 0.096 0.058 0.004 0.076 0.064 0.003 0.089 0.095 0.050 0.076 0.007 0.063 0.028 0.070 0.039 0.005 
  7 Hakuyari1_7    (0)    1 :  0.006 0.045 0.049 0.059 0.088 0.058 0.005 0.084 0.062 0.008 0.095 0.087 0.051 0.086 0.006 0.068 0.028 0.070 0.040 0.004 
  8 Hakuyari1_8    (0)    1 :  0.006 0.038 0.045 0.062 0.075 0.066 0.007 0.086 0.054 0.004 0.089 0.081 0.062 0.106 0.006 0.050 0.035 0.079 0.041 0.007 
  9 Hakuyari1_9    (0)    1 :  0.008 0.052 0.050 0.064 0.104 0.064 0.004 0.072 0.070 0.003 0.091 0.093 0.040 0.082 0.007 0.060 0.026 0.061 0.043 0.004 
 10 Hakuyari1_1    (0)    1 :  0.008 0.052 0.055 0.060 0.089 0.070 0.005 0.077 0.057 0.003 0.093 0.092 0.044 0.086 0.008 0.057 0.028 0.077 0.037 0.005 
 11 Hakuyari1_1    (0)    1 :  0.007 0.040 0.057 0.084 0.095 0.068 0.004 0.074 0.059 0.003 0.082 0.089 0.057 0.075 0.008 0.052 0.030 0.069 0.043 0.005 
 12 Hakuyari1_1    (0)    1 :  0.007 0.041 0.056 0.082 0.083 0.068 0.004 0.072 0.061 0.003 0.103 0.090 0.059 0.061 0.007 0.060 0.023 0.070 0.046 0.004 
 13 Hakuyari1_1    (0)    1 :  0.004 0.005 0.060 0.004 0.005 0.004 0.417 0.005 0.004 0.005 0.004 0.004 0.004 0.005 0.004 0.004 0.005 0.004 0.004 0.447 
 14 Hakuyari1_1    (0)    1 :  0.014 0.011 0.036 0.009 0.010 0.011 0.360 0.010 0.009 0.004 0.010 0.011 0.009 0.011 0.013 0.009 0.006 0.009 0.011 0.438 
 15 Hakuyari1_1    (0)    1 :  0.004 0.004 0.057 0.004 0.005 0.004 0.504 0.004 0.004 0.005 0.005 0.005 0.004 0.005 0.004 0.005 0.005 0.004 0.004 0.363 
 16 Hakuyari1_1    (0)    1 :  0.004 0.005 0.067 0.004 0.005 0.004 0.413 0.004 0.005 0.004 0.004 0.005 0.004 0.005 0.004 0.004 0.005 0.005 0.004 0.444 
 17 Hakuyari1_1    (0)    1 :  0.004 0.004 0.047 0.005 0.005 0.004 0.410 0.004 0.004 0.005 0.005 0.005 0.005 0.004 0.004 0.004 0.005 0.005 0.005 0.467 
 18 Hakuyari1_1    (0)    1 :  0.004 0.004 0.055 0.004 0.005 0.004 0.429 0.005 0.004 0.004 0.005 0.004 0.004 0.005 0.004 0.004 0.005 0.004 0.005 0.442 
 19 Hakuyari1_1    (0)    1 :  0.004 0.005 0.034 0.004 0.005 0.004 0.441 0.004 0.004 0.005 0.005 0.004 0.005 0.005 0.004 0.004 0.005 0.005 0.004 0.449 
 20 Hakuyari1_2    (0)    1 :  0.005 0.004 0.029 0.004 0.005 0.004 0.436 0.004 0.004 0.005 0.004 0.005 0.005 0.005 0.004 0.004 0.005 0.005 0.004 0.459 
 21 Hakuyari1_2    (0)    1 :  0.014 0.013 0.045 0.012 0.012 0.011 0.377 0.011 0.012 0.004 0.011 0.013 0.011 0.011 0.013 0.012 0.015 0.012 0.012 0.381 
 22 Hakuyari1_2    (0)    1 :  0.004 0.005 0.051 0.004 0.004 0.004 0.415 0.005 0.005 0.004 0.004 0.005 0.005 0.004 0.004 0.005 0.005 0.004 0.005 0.457 
 23 Hakuyari1_2    (0)    1 :  0.004 0.004 0.037 0.004 0.005 0.004 0.446 0.004 0.004 0.004 0.004 0.005 0.004 0.005 0.004 0.005 0.005 0.005 0.004 0.441 
 24 Hakuyari1_2    (0)    1 :  0.004 0.004 0.033 0.004 0.005 0.004 0.420 0.005 0.004 0.004 0.004 0.005 0.004 0.005 0.004 0.004 0.005 0.005 0.004 0.472 
 25 Hakuyari1_2    (0)    1 :  0.004 0.005 0.042 0.004 0.005 0.004 0.495 0.004 0.004 0.005 0.005 0.005 0.005 0.004 0.004 0.004 0.005 0.005 0.004 0.387 
 26 Hakuyari1_2    (0)    1 :  0.004 0.004 0.031 0.004 0.004 0.004 0.482 0.004 0.004 0.004 0.004 0.004 0.004 0.005 0.004 0.004 0.004 0.004 0.004 0.418 
 27 Hakuyari1_2    (0)    1 :  0.004 0.004 0.031 0.005 0.004 0.004 0.445 0.005 0.004 0.005 0.005 0.005 0.004 0.005 0.004 0.004 0.005 0.005 0.004 0.447 
 28 Hakuyari1_2    (0)    1 :  0.004 0.004 0.050 0.005 0.005 0.004 0.427 0.005 0.005 0.005 0.005 0.005 0.005 0.004 0.004 0.004 0.005 0.005 0.004 0.446 
 29 Hakuyari1_2    (0)    1 :  0.004 0.004 0.025 0.004 0.004 0.004 0.478 0.005 0.004 0.004 0.004 0.004 0.004 0.004 0.004 0.004 0.004 0.004 0.004 0.428 
 30 Hakuyari1_3    (0)    1 :  0.004 0.004 0.062 0.004 0.005 0.004 0.375 0.004 0.004 0.004 0.005 0.004 0.004 0.004 0.004 0.005 0.005 0.005 0.004 0.489 
 31 Kisokoma1    (0)    2 :  0.047 0.008 0.250 0.008 0.008 0.008 0.006 0.009 0.009 0.010 0.008 0.010 0.008 0.010 0.042 0.008 0.527 0.008 0.009 0.006 
 32 Kisokoma1_2    (0)    2 :  0.003 0.021 0.022 0.088 0.022 0.039 0.004 0.047 0.158 0.007 0.043 0.036 0.221 0.033 0.003 0.109 0.022 0.074 0.044 0.004 
 33 Kisokoma1_3    (0)    2 :  0.004 0.034 0.026 0.095 0.025 0.087 0.005 0.053 0.127 0.009 0.050 0.040 0.150 0.039 0.004 0.112 0.022 0.066 0.045 0.005 
 34 Kisokoma1_4    (0)    2 :  0.054 0.009 0.241 0.008 0.010 0.008 0.007 0.008 0.009 0.009 0.008 0.010 0.010 0.009 0.041 0.009 0.527 0.008 0.009 0.007 
 35 Kisokoma1_5    (0)    2 :  0.050 0.008 0.241 0.009 0.010 0.008 0.007 0.009 0.009 0.010 0.010 0.010 0.009 0.009 0.053 0.009 0.517 0.009 0.008 0.007 
 36 Kisokoma1_6    (0)    2 :  0.004 0.019 0.017 0.101 0.025 0.056 0.005 0.055 0.141 0.008 0.040 0.037 0.204 0.030 0.003 0.113 0.021 0.078 0.039 0.005 
 37 Kisokoma1_7    (0)    2 :  0.006 0.057 0.053 0.056 0.074 0.065 0.008 0.067 0.060 0.004 0.090 0.090 0.058 0.101 0.006 0.052 0.028 0.073 0.045 0.008 
 38 Kisokoma1_8    (0)    2 :  0.111 0.040 0.060 0.046 0.062 0.043 0.007 0.052 0.041 0.010 0.051 0.058 0.042 0.069 0.091 0.048 0.076 0.053 0.033 0.006 
 39 Kisokoma1_9    (0)    2 :  0.414 0.006 0.008 0.005 0.006 0.005 0.004 0.005 0.005 0.005 0.005 0.006 0.005 0.006 0.485 0.005 0.011 0.005 0.005 0.004 
 40 Kisokoma1_1    (0)    2 :  0.426 0.005 0.008 0.005 0.006 0.005 0.004 0.005 0.005 0.005 0.005 0.005 0.005 0.005 0.475 0.005 0.011 0.005 0.006 0.004 
 41 Kisokoma1_1    (0)    2 :  0.434 0.005 0.009 0.005 0.006 0.006 0.004 0.005 0.005 0.005 0.005 0.005 0.005 0.005 0.464 0.005 0.012 0.005 0.006 0.004 
 42 Kisokoma1_1    (0)    2 :  0.484 0.006 0.009 0.005 0.005 0.005 0.004 0.005 0.005 0.005 0.005 0.005 0.005 0.005 0.413 0.005 0.013 0.005 0.005 0.004 
 43 Kisokoma1_1    (0)    2 :  0.006 0.036 0.033 0.046 0.073 0.053 0.013 0.057 0.051 0.232 0.062 0.056 0.044 0.065 0.005 0.044 0.017 0.058 0.033 0.016 
 44 Kisokoma1_1    (0)    2 :  0.436 0.005 0.008 0.005 0.006 0.005 0.004 0.006 0.005 0.005 0.005 0.005 0.004 0.005 0.462 0.005 0.013 0.005 0.005 0.004 
 45 Kisokoma1_1    (0)    2 :  0.446 0.006 0.008 0.005 0.006 0.005 0.004 0.006 0.005 0.005 0.006 0.006 0.005 0.005 0.451 0.005 0.012 0.005 0.005 0.004 
 46 Kisokoma1_1    (0)    2 :  0.413 0.005 0.009 0.005 0.005 0.005 0.004 0.006 0.005 0.004 0.005 0.005 0.005 0.006 0.477 0.005 0.019 0.005 0.006 0.004 
 47 Kisokoma1_1    (0)    2 :  0.402 0.006 0.008 0.005 0.006 0.005 0.004 0.005 0.005 0.004 0.005 0.005 0.004 0.005 0.503 0.005 0.009 0.005 0.005 0.004 
 48 Kisokoma1_1    (0)    2 :  0.251 0.004 0.035 0.004 0.005 0.004 0.185 0.005 0.004 0.007 0.005 0.005 0.005 0.005 0.248 0.005 0.027 0.006 0.004 0.186 
 49 Kisokoma1_1    (0)    2 :  0.036 0.042 0.048 0.024 0.039 0.029 0.194 0.044 0.032 0.025 0.039 0.041 0.029 0.034 0.038 0.031 0.024 0.038 0.031 0.181 
 50 Kisokoma1_2    (0)    2 :  0.385 0.006 0.012 0.005 0.006 0.005 0.004 0.006 0.005 0.005 0.005 0.005 0.005 0.005 0.509 0.005 0.013 0.005 0.006 0.004 
 51 Kisokoma1_2    (0)    2 :  0.445 0.006 0.015 0.006 0.006 0.006 0.005 0.005 0.005 0.005 0.006 0.005 0.005 0.006 0.428 0.005 0.024 0.006 0.006 0.005 
 52 Kisokoma1_2    (0)    2 :  0.449 0.005 0.007 0.005 0.005 0.005 0.004 0.005 0.005 0.005 0.005 0.005 0.005 0.005 0.452 0.005 0.012 0.006 0.005 0.004 
 53 Kisokoma1_2    (0)    2 :  0.433 0.006 0.008 0.005 0.005 0.005 0.004 0.005 0.005 0.005 0.006 0.006 0.005 0.006 0.464 0.005 0.013 0.005 0.005 0.004 
 54 Kisokoma1_2    (0)    2 :  0.371 0.005 0.010 0.005 0.005 0.005 0.004 0.005 0.005 0.005 0.005 0.006 0.004 0.005 0.526 0.005 0.012 0.005 0.006 0.004 
 55 Kisokoma1_2    (0)    2 :  0.437 0.006 0.006 0.005 0.006 0.005 0.004 0.005 0.005 0.004 0.005 0.005 0.005 0.005 0.470 0.005 0.009 0.005 0.005 0.003 
 56 Kisokoma1_2    (0)    2 :  0.462 0.006 0.007 0.005 0.005 0.005 0.004 0.005 0.005 0.005 0.005 0.005 0.005 0.006 0.438 0.005 0.012 0.005 0.005 0.004 
 57 Kisokoma1_2    (0)    2 :  0.427 0.005 0.008 0.005 0.006 0.005 0.004 0.005 0.005 0.005 0.006 0.007 0.005 0.005 0.472 0.005 0.012 0.005 0.006 0.004 
 58 Kisokoma1_2    (0)    2 :  0.410 0.006 0.010 0.005 0.005 0.005 0.004 0.005 0.005 0.005 0.005 0.005 0.005 0.005 0.486 0.005 0.015 0.005 0.005 0.004 
 59 Kisokoma1_2    (0)    2 :  0.403 0.006 0.013 0.005 0.006 0.005 0.004 0.005 0.005 0.004 0.006 0.005 0.004 0.005 0.494 0.005 0.011 0.005 0.005 0.005 
 60 Kisokoma1_3    (0)    2 :  0.429 0.006 0.009 0.005 0.005 0.005 0.004 0.006 0.005 0.005 0.005 0.005 0.005 0.005 0.470 0.005 0.011 0.005 0.005 0.004 
 61    Matu0    (0)    3 :  0.004 0.005 0.060 0.004 0.005 0.004 0.433 0.005 0.004 0.005 0.004 0.005 0.004 0.005 0.005 0.004 0.005 0.004 0.004 0.431 
 62  Matu0_2    (0)    3 :  0.004 0.004 0.043 0.005 0.005 0.005 0.371 0.004 0.004 0.004 0.005 0.004 0.004 0.005 0.004 0.004 0.005 0.004 0.004 0.510 
 63  Matu0_3    (0)    3 :  0.005 0.005 0.033 0.004 0.005 0.005 0.465 0.005 0.004 0.004 0.004 0.004 0.004 0.005 0.004 0.005 0.005 0.004 0.004 0.425 
 64  Matu0_4    (0)    3 :  0.004 0.004 0.045 0.004 0.005 0.004 0.394 0.004 0.004 0.004 0.005 0.004 0.004 0.004 0.004 0.005 0.004 0.004 0.005 0.486 
 65  Matu0_5    (0)    3 :  0.004 0.004 0.039 0.004 0.005 0.004 0.440 0.004 0.004 0.004 0.004 0.005 0.004 0.005 0.004 0.004 0.005 0.004 0.004 0.444 
 66  Matu0_6    (0)    3 :  0.004 0.004 0.047 0.004 0.004 0.005 0.410 0.004 0.004 0.005 0.005 0.005 0.004 0.005 0.004 0.004 0.005 0.004 0.004 0.469 
 67  Matu0_7    (0)    3 :  0.004 0.004 0.054 0.004 0.005 0.004 0.511 0.005 0.004 0.004 0.005 0.005 0.005 0.005 0.004 0.004 0.005 0.005 0.004 0.358 
 68  Matu0_8    (0)    3 :  0.004 0.005 0.037 0.004 0.004 0.004 0.391 0.005 0.004 0.005 0.005 0.004 0.004 0.005 0.004 0.004 0.005 0.004 0.004 0.495 
 69  Matu0_9    (0)    3 :  0.004 0.004 0.040 0.004 0.005 0.004 0.368 0.005 0.004 0.005 0.004 0.005 0.005 0.005 0.005 0.004 0.004 0.005 0.004 0.515 
 70 Matu0_10    (0)    3 :  0.004 0.004 0.069 0.004 0.005 0.004 0.467 0.004 0.005 0.004 0.005 0.005 0.004 0.004 0.004 0.004 0.005 0.005 0.004 0.389 
 71 Matu0_11    (0)    3 :  0.004 0.004 0.050 0.005 0.004 0.005 0.505 0.004 0.004 0.004 0.005 0.005 0.005 0.004 0.004 0.004 0.005 0.005 0.005 0.368 
 72 Matu0_12    (0)    3 :  0.007 0.153 0.027 0.035 0.022 0.036 0.046 0.035 0.053 0.118 0.027 0.023 0.057 0.028 0.007 0.048 0.024 0.036 0.174 0.045 
 73 Matu0_13    (0)    3 :  0.005 0.023 0.019 0.073 0.013 0.018 0.071 0.025 0.107 0.182 0.035 0.018 0.145 0.021 0.005 0.072 0.012 0.049 0.036 0.071 
 74 Matu0_14    (0)    3 :  0.007 0.077 0.023 0.026 0.017 0.021 0.082 0.021 0.031 0.377 0.018 0.019 0.030 0.018 0.006 0.030 0.013 0.020 0.082 0.082 
 75 Matu0_15    (0)    3 :  0.013 0.012 0.042 0.009 0.011 0.010 0.344 0.010 0.009 0.004 0.010 0.011 0.008 0.010 0.012 0.009 0.007 0.009 0.012 0.446 
 76 Matu0_16    (0)    3 :  0.004 0.004 0.039 0.004 0.005 0.005 0.410 0.005 0.004 0.004 0.005 0.005 0.005 0.005 0.005 0.004 0.005 0.004 0.005 0.474 
 77 Matu0_17    (0)    3 :  0.005 0.005 0.039 0.005 0.005 0.005 0.502 0.005 0.005 0.004 0.005 0.005 0.005 0.006 0.005 0.005 0.005 0.005 0.005 0.374 
 78 Matu0_18    (0)    3 :  0.004 0.004 0.058 0.004 0.004 0.004 0.440 0.005 0.004 0.004 0.004 0.005 0.004 0.005 0.005 0.005 0.005 0.005 0.004 0.426 
 79 Matu0_19    (0)    3 :  0.004 0.004 0.064 0.004 0.005 0.004 0.416 0.004 0.004 0.005 0.004 0.005 0.004 0.004 0.004 0.004 0.004 0.005 0.004 0.444 
 80 Matu0_20    (0)    3 :  0.005 0.005 0.046 0.004 0.005 0.004 0.476 0.005 0.004 0.004 0.005 0.005 0.004 0.005 0.004 0.004 0.005 0.004 0.005 0.402 
 81 Matu0_21    (0)    3 :  0.004 0.004 0.034 0.005 0.005 0.004 0.460 0.004 0.004 0.004 0.005 0.005 0.004 0.005 0.005 0.004 0.005 0.004 0.004 0.430 
 82 Matu0_22    (0)    3 :  0.005 0.005 0.051 0.005 0.005 0.004 0.436 0.005 0.004 0.005 0.004 0.005 0.004 0.005 0.004 0.005 0.005 0.004 0.004 0.436 
 83 Matu0_23    (0)    3 :  0.004 0.005 0.031 0.004 0.005 0.004 0.491 0.004 0.004 0.004 0.004 0.005 0.004 0.005 0.004 0.004 0.005 0.004 0.004 0.403 
 84    Matu1    (0)    4 :  0.433 0.006 0.007 0.005 0.006 0.005 0.004 0.005 0.005 0.005 0.006 0.006 0.005 0.006 0.461 0.005 0.016 0.005 0.005 0.004 
 85  Matu1_2    (0)    4 :  0.464 0.005 0.025 0.005 0.006 0.005 0.005 0.006 0.005 0.006 0.006 0.006 0.004 0.006 0.393 0.005 0.032 0.005 0.006 0.005 
 86  Matu1_3    (0)    4 :  0.004 0.004 0.068 0.004 0.005 0.004 0.414 0.005 0.004 0.004 0.004 0.005 0.005 0.005 0.004 0.005 0.005 0.005 0.004 0.443 
 87  Matu1_4    (0)    4 :  0.004 0.004 0.043 0.004 0.004 0.004 0.458 0.004 0.004 0.004 0.004 0.004 0.004 0.004 0.004 0.004 0.004 0.004 0.004 0.431 
 88  Matu1_5    (0)    4 :  0.004 0.004 0.032 0.004 0.005 0.005 0.448 0.005 0.005 0.005 0.005 0.005 0.004 0.005 0.004 0.004 0.005 0.005 0.005 0.443 
 89  Matu1_6    (0)    4 :  0.018 0.019 0.041 0.014 0.015 0.017 0.287 0.014 0.011 0.004 0.015 0.015 0.012 0.014 0.023 0.013 0.008 0.014 0.018 0.428 
 90  Matu1_7    (0)    4 :  0.004 0.004 0.041 0.005 0.005 0.004 0.439 0.005 0.004 0.004 0.005 0.005 0.005 0.005 0.004 0.004 0.005 0.005 0.005 0.443 
 91    Name0    (0)    5 :  0.006 0.005 0.005 0.004 0.004 0.004 0.005 0.004 0.004 0.910 0.004 0.004 0.005 0.004 0.006 0.005 0.006 0.004 0.005 0.005 
 92  Name0_2    (0)    5 :  0.006 0.005 0.005 0.005 0.004 0.004 0.005 0.004 0.004 0.908 0.004 0.004 0.005 0.004 0.006 0.005 0.006 0.004 0.006 0.005 
 93  Name0_3    (0)    5 :  0.007 0.005 0.005 0.004 0.004 0.004 0.005 0.004 0.004 0.910 0.004 0.004 0.005 0.004 0.006 0.004 0.006 0.004 0.005 0.004 
 94  Name0_4    (0)    5 :  0.006 0.005 0.005 0.004 0.004 0.004 0.005 0.004 0.004 0.910 0.004 0.004 0.005 0.004 0.006 0.004 0.006 0.004 0.006 0.005 
 95  Name0_5    (0)    5 :  0.007 0.005 0.005 0.004 0.004 0.004 0.005 0.004 0.005 0.911 0.004 0.004 0.004 0.004 0.006 0.004 0.006 0.004 0.005 0.004 
 96  Name0_6    (0)    5 :  0.006 0.005 0.005 0.004 0.004 0.004 0.005 0.004 0.004 0.910 0.004 0.004 0.005 0.004 0.006 0.004 0.007 0.004 0.005 0.005 
 97  Name0_7    (0)    5 :  0.006 0.005 0.005 0.004 0.004 0.004 0.005 0.004 0.004 0.911 0.004 0.004 0.004 0.005 0.006 0.004 0.006 0.004 0.005 0.005 
 98  Name0_8    (0)    5 :  0.477 0.006 0.009 0.005 0.005 0.005 0.004 0.005 0.005 0.005 0.005 0.006 0.005 0.005 0.419 0.005 0.013 0.006 0.006 0.004 
 99  Name0_9    (0)    5 :  0.447 0.005 0.014 0.006 0.006 0.006 0.004 0.005 0.005 0.004 0.005 0.006 0.005 0.005 0.444 0.005 0.013 0.006 0.005 0.004 
100 Name0_10    (0)    5 :  0.498 0.005 0.008 0.005 0.005 0.005 0.004 0.005 0.005 0.005 0.005 0.005 0.004 0.005 0.401 0.005 0.013 0.005 0.005 0.004 
101 Name0_11    (0)    5 :  0.103 0.009 0.144 0.011 0.013 0.011 0.014 0.012 0.009 0.149 0.011 0.010 0.009 0.014 0.104 0.009 0.332 0.013 0.010 0.013 
102    Name1    (0)    6 :  0.005 0.005 0.005 0.004 0.004 0.005 0.005 0.004 0.004 0.910 0.004 0.004 0.005 0.004 0.006 0.004 0.007 0.004 0.005 0.005 
103  Name1_2    (0)    6 :  0.006 0.005 0.005 0.004 0.004 0.004 0.005 0.004 0.004 0.911 0.004 0.004 0.004 0.004 0.006 0.004 0.006 0.004 0.005 0.005 
104  Name1_3    (0)    6 :  0.458 0.006 0.008 0.005 0.006 0.005 0.005 0.006 0.005 0.005 0.005 0.005 0.005 0.005 0.438 0.005 0.014 0.005 0.006 0.004 
105  Name1_4    (0)    6 :  0.422 0.006 0.010 0.005 0.005 0.005 0.004 0.006 0.005 0.005 0.005 0.005 0.005 0.005 0.473 0.005 0.013 0.006 0.006 0.004 
106  Name1_5    (0)    6 :  0.502 0.005 0.008 0.005 0.005 0.005 0.004 0.007 0.006 0.005 0.005 0.006 0.005 0.005 0.394 0.005 0.015 0.005 0.006 0.004 
107  Name1_6    (0)    6 :  0.004 0.003 0.004 0.003 0.003 0.003 0.005 0.003 0.003 0.930 0.003 0.003 0.003 0.003 0.004 0.003 0.006 0.003 0.004 0.005 
108  Name1_7    (0)    6 :  0.004 0.003 0.005 0.003 0.003 0.003 0.004 0.003 0.003 0.930 0.003 0.003 0.003 0.003 0.004 0.003 0.005 0.003 0.004 0.005 
109  Name1_8    (0)    6 :  0.449 0.005 0.010 0.005 0.005 0.005 0.004 0.005 0.005 0.004 0.005 0.005 0.005 0.006 0.443 0.005 0.017 0.005 0.006 0.004 
110  Name1_9    (0)    6 :  0.406 0.006 0.009 0.005 0.005 0.005 0.004 0.005 0.005 0.004 0.005 0.006 0.004 0.005 0.488 0.005 0.018 0.005 0.006 0.004 
111 Name1_10    (0)    6 :  0.004 0.003 0.004 0.003 0.003 0.003 0.005 0.003 0.003 0.936 0.003 0.003 0.003 0.003 0.004 0.003 0.004 0.003 0.003 0.005 
112 Name1_11    (0)    6 :  0.006 0.005 0.006 0.004 0.004 0.004 0.005 0.004 0.005 0.908 0.004 0.004 0.005 0.004 0.006 0.004 0.006 0.004 0.006 0.005 
113 Name1_12    (0)    6 :  0.479 0.005 0.009 0.005 0.005 0.005 0.004 0.005 0.005 0.005 0.006 0.005 0.005 0.006 0.415 0.005 0.014 0.006 0.006 0.004 
114 Name1_13    (0)    6 :  0.432 0.005 0.009 0.005 0.005 0.005 0.004 0.005 0.005 0.005 0.005 0.006 0.005 0.005 0.465 0.005 0.013 0.005 0.005 0.004 
115 Name1_14    (0)    6 :  0.443 0.006 0.007 0.004 0.006 0.005 0.004 0.005 0.005 0.004 0.005 0.005 0.004 0.005 0.457 0.005 0.012 0.005 0.006 0.004 
116 Name1_15    (0)    6 :  0.069 0.009 0.170 0.010 0.013 0.009 0.017 0.010 0.009 0.190 0.010 0.012 0.008 0.013 0.058 0.008 0.349 0.011 0.008 0.017 
117 Name1_16    (0)    6 :  0.442 0.006 0.009 0.005 0.006 0.005 0.004 0.005 0.005 0.005 0.005 0.005 0.005 0.005 0.456 0.005 0.013 0.005 0.005 0.004 
118 Name1_17    (0)    6 :  0.473 0.006 0.008 0.005 0.006 0.005 0.004 0.005 0.005 0.005 0.005 0.005 0.005 0.005 0.428 0.005 0.011 0.005 0.006 0.004 
119 Name1_18    (0)    6 :  0.080 0.007 0.115 0.009 0.012 0.010 0.027 0.011 0.009 0.276 0.010 0.011 0.008 0.011 0.081 0.009 0.268 0.011 0.007 0.028 
120 Name1_19    (0)    6 :  0.448 0.005 0.006 0.005 0.005 0.005 0.004 0.005 0.005 0.004 0.005 0.005 0.005 0.005 0.458 0.005 0.010 0.005 0.005 0.003 
121 Oodaira0    (0)    7 :  0.005 0.046 0.047 0.067 0.078 0.069 0.013 0.070 0.055 0.006 0.084 0.086 0.062 0.099 0.004 0.057 0.038 0.062 0.037 0.015 
122 Oodaira0_2    (0)    7 :  0.006 0.038 0.017 0.111 0.031 0.068 0.003 0.049 0.124 0.004 0.051 0.023 0.171 0.035 0.006 0.112 0.025 0.068 0.055 0.003 
123 Oodaira0_3    (0)    7 :  0.004 0.013 0.009 0.118 0.010 0.010 0.004 0.036 0.182 0.005 0.044 0.016 0.261 0.017 0.004 0.117 0.007 0.087 0.051 0.004 
124 Oodaira0_4    (0)    7 :  0.005 0.037 0.048 0.064 0.078 0.063 0.016 0.083 0.044 0.006 0.074 0.078 0.059 0.106 0.005 0.069 0.035 0.084 0.034 0.014 
125 Oodaira0_5    (0)    7 :  0.004 0.039 0.039 0.125 0.049 0.129 0.007 0.071 0.086 0.012 0.045 0.047 0.068 0.043 0.004 0.106 0.027 0.052 0.038 0.007 
126 Oodaira1    (0)    8 :  0.006 0.406 0.007 0.010 0.010 0.014 0.005 0.012 0.012 0.005 0.008 0.009 0.010 0.008 0.007 0.010 0.007 0.011 0.438 0.004 
127 Oodaira1_2    (0)    8 :  0.027 0.050 0.092 0.042 0.059 0.040 0.039 0.047 0.044 0.010 0.056 0.048 0.051 0.057 0.023 0.036 0.128 0.059 0.049 0.043 
128 Oodaira1_3    (0)    8 :  0.025 0.008 0.007 0.115 0.008 0.010 0.004 0.032 0.173 0.005 0.046 0.014 0.253 0.017 0.025 0.117 0.006 0.083 0.048 0.004 
129 Oodaira1_4    (0)    8 :  0.007 0.392 0.008 0.009 0.008 0.013 0.005 0.011 0.016 0.005 0.007 0.010 0.008 0.008 0.007 0.013 0.007 0.008 0.451 0.004 
130 Oodaira1_5    (0)    8 :  0.006 0.385 0.008 0.010 0.010 0.013 0.005 0.010 0.021 0.006 0.008 0.010 0.016 0.007 0.006 0.009 0.009 0.008 0.449 0.004 
131 Oodaira1_6    (0)    8 :  0.003 0.036 0.033 0.073 0.054 0.054 0.007 0.088 0.105 0.015 0.056 0.059 0.126 0.058 0.003 0.092 0.022 0.073 0.037 0.006 
132 Oodaira1_7    (0)    8 :  0.007 0.048 0.046 0.078 0.092 0.081 0.004 0.072 0.069 0.003 0.083 0.089 0.057 0.074 0.007 0.059 0.027 0.065 0.036 0.005 
133 Oodaira1_8    (0)    8 :  0.005 0.039 0.017 0.137 0.031 0.156 0.003 0.058 0.090 0.005 0.047 0.024 0.089 0.035 0.004 0.132 0.052 0.034 0.040 0.003 
134 Oodaira1_9    (0)    8 :  0.005 0.033 0.028 0.132 0.028 0.157 0.003 0.057 0.092 0.004 0.046 0.030 0.093 0.028 0.004 0.130 0.039 0.051 0.035 0.004 
135 Oodaira1_10    (0)    8 :  0.005 0.033 0.025 0.144 0.023 0.177 0.003 0.062 0.087 0.004 0.051 0.032 0.081 0.038 0.004 0.107 0.044 0.045 0.030 0.003 
136 Oodaira1_11    (0)    8 :  0.005 0.034 0.021 0.153 0.021 0.185 0.004 0.059 0.100 0.004 0.039 0.026 0.084 0.030 0.004 0.112 0.041 0.042 0.032 0.003 
137 Oodaira1_12    (0)    8 :  0.046 0.009 0.252 0.007 0.009 0.008 0.006 0.009 0.009 0.010 0.008 0.008 0.008 0.008 0.035 0.010 0.534 0.009 0.008 0.006 
138 Oodaira1_13    (0)    8 :  0.028 0.036 0.032 0.098 0.034 0.128 0.003 0.061 0.083 0.027 0.049 0.037 0.076 0.041 0.023 0.113 0.041 0.057 0.031 0.003 
139 Oodaira1_14    (0)    8 :  0.005 0.032 0.013 0.133 0.023 0.182 0.003 0.062 0.088 0.004 0.051 0.031 0.090 0.037 0.005 0.131 0.032 0.045 0.031 0.003 
140 Oodaira1_15    (0)    8 :  0.005 0.031 0.023 0.146 0.026 0.177 0.003 0.059 0.089 0.004 0.055 0.030 0.081 0.031 0.004 0.114 0.036 0.048 0.035 0.003 
141 Oodaira1_16    (0)    8 :  0.052 0.008 0.239 0.008 0.011 0.008 0.007 0.009 0.008 0.010 0.009 0.008 0.010 0.009 0.047 0.010 0.520 0.010 0.009 0.007 
142 Oodaira1_17    (0)    8 :  0.004 0.039 0.022 0.128 0.022 0.163 0.003 0.069 0.098 0.004 0.050 0.027 0.081 0.038 0.004 0.121 0.038 0.046 0.039 0.003 
143 Oodaira1_18    (0)    8 :  0.005 0.039 0.052 0.070 0.073 0.076 0.015 0.081 0.051 0.007 0.070 0.084 0.059 0.097 0.005 0.055 0.035 0.079 0.034 0.014 
144 Oodaira1_19    (0)    8 :  0.005 0.032 0.027 0.133 0.027 0.164 0.003 0.064 0.093 0.004 0.048 0.029 0.088 0.036 0.005 0.125 0.037 0.050 0.029 0.003 
145 Oodaira1_20    (0)    8 :  0.005 0.044 0.025 0.137 0.027 0.172 0.003 0.060 0.097 0.005 0.051 0.028 0.076 0.031 0.005 0.110 0.034 0.051 0.037 0.003 
146 Oodaira1_21    (0)    8 :  0.004 0.041 0.026 0.137 0.025 0.169 0.003 0.054 0.097 0.005 0.041 0.034 0.084 0.029 0.005 0.117 0.042 0.051 0.033 0.003 
147 Oodaira1_22    (0)    8 :  0.005 0.038 0.016 0.142 0.027 0.168 0.003 0.068 0.100 0.004 0.041 0.025 0.086 0.039 0.005 0.110 0.038 0.049 0.033 0.003 
148 Oodaira1_23    (0)    8 :  0.004 0.036 0.030 0.148 0.026 0.157 0.003 0.067 0.088 0.005 0.045 0.028 0.089 0.035 0.005 0.120 0.041 0.039 0.032 0.004 
149 Oodaira1_24    (0)    8 :  0.004 0.029 0.031 0.114 0.026 0.081 0.005 0.059 0.128 0.008 0.038 0.038 0.133 0.042 0.004 0.117 0.025 0.078 0.036 0.005 
150 Oodaira1_25    (0)    8 :  0.006 0.039 0.054 0.071 0.078 0.056 0.008 0.070 0.067 0.004 0.096 0.078 0.067 0.092 0.005 0.063 0.026 0.078 0.035 0.007 
151  Senzyo1    (0)    9 :  0.442 0.006 0.008 0.005 0.005 0.005 0.004 0.006 0.005 0.005 0.005 0.006 0.004 0.005 0.452 0.005 0.015 0.005 0.005 0.005 
152 Senzyo1_2    (0)    9 :  0.505 0.006 0.010 0.005 0.006 0.006 0.004 0.005 0.005 0.005 0.006 0.005 0.005 0.005 0.392 0.005 0.011 0.005 0.006 0.004 
153 Senzyo1_3    (0)    9 :  0.199 0.010 0.129 0.010 0.011 0.010 0.019 0.011 0.009 0.030 0.011 0.013 0.009 0.011 0.167 0.008 0.304 0.011 0.009 0.020 
154 Senzyo1_4    (0)    9 :  0.334 0.008 0.062 0.008 0.009 0.009 0.015 0.009 0.010 0.019 0.009 0.009 0.010 0.009 0.329 0.009 0.113 0.009 0.008 0.015 
155 Senzyo1_5    (0)    9 :  0.501 0.007 0.031 0.006 0.007 0.006 0.004 0.007 0.006 0.005 0.007 0.007 0.005 0.007 0.331 0.006 0.042 0.006 0.007 0.004 
156 Senzyo1_6    (0)    9 :  0.486 0.006 0.009 0.005 0.005 0.005 0.004 0.005 0.005 0.005 0.005 0.005 0.005 0.006 0.409 0.005 0.014 0.005 0.006 0.004 
157 Senzyo1_7    (0)    9 :  0.453 0.006 0.010 0.005 0.006 0.005 0.004 0.005 0.005 0.004 0.005 0.005 0.005 0.006 0.439 0.005 0.016 0.005 0.005 0.004 
158 Senzyo1_8    (0)    9 :  0.451 0.005 0.009 0.005 0.006 0.005 0.004 0.005 0.005 0.005 0.005 0.005 0.005 0.006 0.448 0.005 0.013 0.005 0.005 0.004 
159 Senzyo1_9    (0)    9 :  0.465 0.006 0.008 0.006 0.006 0.005 0.004 0.005 0.005 0.005 0.005 0.006 0.005 0.006 0.430 0.005 0.014 0.005 0.005 0.005 
160 Senzyo1_10    (0)    9 :  0.465 0.005 0.009 0.005 0.006 0.006 0.004 0.005 0.005 0.004 0.006 0.005 0.004 0.005 0.431 0.005 0.013 0.005 0.006 0.004 
161 Senzyo1_11    (0)    9 :  0.007 0.041 0.050 0.079 0.094 0.073 0.004 0.085 0.051 0.003 0.084 0.083 0.058 0.083 0.007 0.056 0.027 0.080 0.031 0.004 
162 Senzyo1_12    (0)    9 :  0.008 0.043 0.049 0.076 0.097 0.061 0.004 0.081 0.051 0.003 0.089 0.086 0.059 0.088 0.007 0.064 0.025 0.074 0.031 0.005 
163 Senzyo1_13    (0)    9 :  0.007 0.045 0.057 0.070 0.101 0.056 0.004 0.069 0.064 0.003 0.092 0.088 0.054 0.069 0.007 0.069 0.024 0.075 0.041 0.005 
164 Senzyo1_14    (0)    9 :  0.007 0.040 0.048 0.080 0.095 0.062 0.004 0.065 0.063 0.003 0.097 0.092 0.061 0.072 0.007 0.061 0.031 0.071 0.038 0.004 
165 Senzyo1_15    (0)    9 :  0.007 0.045 0.060 0.076 0.089 0.067 0.005 0.071 0.057 0.003 0.081 0.093 0.056 0.085 0.007 0.053 0.025 0.081 0.034 0.004 
166 Senzyo1_16    (0)    9 :  0.007 0.044 0.054 0.073 0.084 0.070 0.005 0.070 0.072 0.003 0.088 0.084 0.058 0.080 0.007 0.064 0.025 0.071 0.036 0.005 
167 Senzyo1_17    (0)    9 :  0.007 0.043 0.053 0.072 0.102 0.056 0.005 0.071 0.065 0.003 0.088 0.092 0.055 0.077 0.008 0.058 0.032 0.069 0.041 0.005 
168 Senzyo1_18    (0)    9 :  0.007 0.038 0.045 0.086 0.101 0.070 0.005 0.079 0.068 0.003 0.072 0.083 0.054 0.069 0.007 0.065 0.031 0.078 0.034 0.005 
169 Senzyo1_19    (0)    9 :  0.007 0.042 0.056 0.068 0.096 0.081 0.005 0.064 0.068 0.003 0.088 0.078 0.052 0.078 0.007 0.064 0.021 0.076 0.040 0.005 
170 Senzyo1_20    (0)    9 :  0.007 0.048 0.044 0.074 0.107 0.070 0.004 0.076 0.065 0.003 0.086 0.088 0.045 0.083 0.007 0.063 0.025 0.057 0.044 0.005 
171 Senzyo1_21    (0)    9 :  0.007 0.045 0.045 0.074 0.103 0.056 0.005 0.072 0.077 0.003 0.085 0.078 0.063 0.064 0.008 0.077 0.025 0.063 0.047 0.004 
172 Senzyo1_22    (0)    9 :  0.007 0.051 0.058 0.071 0.101 0.053 0.004 0.073 0.064 0.003 0.094 0.074 0.050 0.077 0.007 0.062 0.033 0.071 0.041 0.005 
173 Senzyo1_23    (0)    9 :  0.007 0.055 0.054 0.076 0.097 0.059 0.005 0.078 0.048 0.003 0.086 0.086 0.054 0.083 0.008 0.060 0.027 0.061 0.050 0.005 
174 Senzyo1_24    (0)    9 :  0.007 0.049 0.052 0.070 0.103 0.066 0.004 0.070 0.062 0.003 0.080 0.079 0.046 0.087 0.007 0.071 0.029 0.066 0.046 0.005 
175 Senzyo1_25    (0)    9 :  0.007 0.057 0.040 0.073 0.088 0.063 0.005 0.083 0.058 0.003 0.078 0.095 0.061 0.076 0.007 0.060 0.026 0.072 0.043 0.004 
176 Senzyo1_26    (0)    9 :  0.007 0.044 0.052 0.071 0.103 0.071 0.004 0.091 0.054 0.003 0.083 0.086 0.051 0.090 0.007 0.066 0.021 0.053 0.036 0.004 
177 Senzyo1_27    (0)    9 :  0.007 0.046 0.057 0.065 0.107 0.070 0.004 0.079 0.064 0.003 0.088 0.085 0.047 0.070 0.007 0.064 0.028 0.072 0.032 0.004 
178 Senzyo1_28    (0)    9 :  0.008 0.039 0.053 0.074 0.099 0.066 0.004 0.069 0.069 0.003 0.095 0.079 0.053 0.073 0.007 0.058 0.026 0.073 0.047 0.005 
179 Senzyo1_29    (0)    9 :  0.007 0.047 0.052 0.079 0.081 0.080 0.005 0.067 0.058 0.003 0.092 0.098 0.046 0.074 0.007 0.056 0.029 0.072 0.043 0.005 
180 Senzyo1_30    (0)    9 :  0.008 0.041 0.048 0.068 0.085 0.059 0.004 0.075 0.068 0.003 0.096 0.077 0.056 0.073 0.007 0.067 0.030 0.084 0.047 0.005 
181   Todai0    (0)   10 :  0.005 0.004 0.034 0.004 0.005 0.004 0.415 0.004 0.004 0.004 0.004 0.005 0.004 0.004 0.004 0.005 0.004 0.005 0.005 0.476 
182 Todai0_2    (0)   10 :  0.020 0.018 0.041 0.014 0.016 0.013 0.348 0.014 0.013 0.004 0.013 0.016 0.012 0.016 0.020 0.014 0.008 0.014 0.019 0.368 
183 Todai0_3    (0)   10 :  0.004 0.004 0.057 0.005 0.005 0.004 0.370 0.004 0.004 0.004 0.005 0.004 0.004 0.005 0.004 0.004 0.005 0.004 0.005 0.497 
184 Todai0_4    (0)   10 :  0.006 0.037 0.047 0.067 0.091 0.068 0.009 0.072 0.048 0.004 0.078 0.091 0.064 0.093 0.005 0.065 0.031 0.076 0.037 0.010 
185 Todai0_5    (0)   10 :  0.007 0.393 0.007 0.010 0.008 0.022 0.005 0.010 0.018 0.006 0.009 0.008 0.011 0.008 0.007 0.012 0.007 0.010 0.435 0.005 
186 Todai0_6    (0)   10 :  0.007 0.400 0.007 0.009 0.009 0.011 0.004 0.011 0.015 0.005 0.008 0.009 0.008 0.008 0.007 0.011 0.011 0.009 0.447 0.005 
187 Todai0_7    (0)   10 :  0.006 0.401 0.007 0.010 0.009 0.014 0.004 0.010 0.018 0.006 0.009 0.008 0.009 0.008 0.006 0.011 0.007 0.010 0.440 0.004 
188 Todai0_8    (0)   10 :  0.007 0.391 0.008 0.013 0.008 0.015 0.005 0.009 0.020 0.006 0.009 0.009 0.009 0.009 0.007 0.016 0.010 0.008 0.435 0.005 
189 Todai0_9    (0)   10 :  0.005 0.405 0.007 0.010 0.007 0.015 0.005 0.009 0.016 0.005 0.009 0.008 0.009 0.009 0.006 0.009 0.006 0.009 0.446 0.005 
190 Todai0_10    (0)   10 :  0.007 0.403 0.008 0.010 0.007 0.014 0.004 0.009 0.015 0.005 0.010 0.008 0.010 0.007 0.006 0.010 0.008 0.009 0.446 0.005 
191 Todai0_11    (0)   10 :  0.007 0.394 0.008 0.009 0.007 0.020 0.004 0.012 0.020 0.005 0.008 0.008 0.009 0.007 0.007 0.010 0.006 0.008 0.446 0.004 
192 Todai0_12    (0)   10 :  0.007 0.403 0.008 0.009 0.008 0.016 0.004 0.008 0.018 0.005 0.009 0.007 0.010 0.008 0.006 0.010 0.008 0.009 0.442 0.004 
193 Todai0_13    (0)   10 :  0.012 0.051 0.055 0.063 0.072 0.062 0.028 0.065 0.055 0.010 0.073 0.075 0.046 0.080 0.012 0.065 0.042 0.066 0.038 0.030 
194 Todai0_14    (0)   10 :  0.006 0.400 0.008 0.009 0.007 0.016 0.004 0.007 0.012 0.005 0.008 0.008 0.010 0.009 0.007 0.009 0.007 0.009 0.455 0.005 
195 Todai0_15    (0)   10 :  0.003 0.027 0.026 0.086 0.052 0.075 0.009 0.080 0.114 0.019 0.052 0.046 0.118 0.041 0.004 0.099 0.015 0.075 0.048 0.010 
196 Todai0_16    (0)   10 :  0.007 0.401 0.007 0.009 0.008 0.018 0.004 0.009 0.016 0.005 0.008 0.008 0.009 0.007 0.007 0.008 0.006 0.008 0.453 0.004 
197 Todai0_17    (0)   10 :  0.007 0.379 0.008 0.011 0.009 0.018 0.004 0.008 0.022 0.006 0.008 0.008 0.010 0.009 0.007 0.011 0.007 0.008 0.457 0.004 
198 Todai0_18    (0)   10 :  0.004 0.041 0.054 0.047 0.075 0.063 0.017 0.073 0.059 0.008 0.083 0.082 0.083 0.087 0.004 0.061 0.033 0.080 0.030 0.015 
199 Todai0_19    (0)   10 :  0.006 0.419 0.007 0.008 0.008 0.014 0.004 0.010 0.023 0.005 0.008 0.009 0.012 0.007 0.007 0.010 0.008 0.008 0.424 0.004 
200 Todai0_20    (0)   10 :  0.007 0.389 0.009 0.010 0.008 0.014 0.004 0.011 0.018 0.006 0.007 0.011 0.011 0.009 0.007 0.012 0.007 0.010 0.445 0.005 
201   Todai1    (0)   11 :  0.004 0.004 0.050 0.004 0.004 0.004 0.467 0.004 0.004 0.004 0.004 0.004 0.004 0.004 0.004 0.004 0.004 0.004 0.003 0.415 
202 Todai1_2    (0)   11 :  0.004 0.004 0.028 0.005 0.005 0.005 0.453 0.005 0.005 0.004 0.005 0.005 0.004 0.005 0.004 0.004 0.005 0.004 0.005 0.442 
203 Todai1_3    (0)   11 :  0.005 0.039 0.048 0.053 0.075 0.074 0.014 0.072 0.055 0.006 0.072 0.081 0.083 0.092 0.005 0.058 0.034 0.091 0.029 0.014 
204 Todai1_4    (0)   11 :  0.008 0.411 0.007 0.012 0.007 0.020 0.005 0.010 0.016 0.006 0.008 0.010 0.012 0.009 0.007 0.012 0.007 0.009 0.418 0.005 
205 Todai1_5    (0)   11 :  0.006 0.398 0.008 0.010 0.008 0.011 0.005 0.011 0.018 0.006 0.008 0.008 0.011 0.008 0.007 0.009 0.010 0.009 0.448 0.005 
206 Todai1_6    (0)   11 :  0.006 0.383 0.007 0.011 0.009 0.019 0.004 0.010 0.024 0.005 0.009 0.008 0.010 0.009 0.007 0.012 0.008 0.010 0.444 0.005 
207 Todai1_7    (0)   11 :  0.007 0.409 0.009 0.009 0.008 0.010 0.005 0.010 0.014 0.004 0.009 0.007 0.010 0.007 0.007 0.009 0.008 0.010 0.443 0.005 
208 Todai1_8    (0)   11 :  0.046 0.032 0.051 0.080 0.032 0.095 0.003 0.054 0.076 0.090 0.033 0.044 0.060 0.038 0.052 0.071 0.067 0.043 0.029 0.003 
209 Todai1_9    (0)   11 :  0.004 0.033 0.025 0.110 0.035 0.123 0.007 0.081 0.101 0.011 0.046 0.054 0.070 0.043 0.004 0.112 0.030 0.059 0.046 0.007 
210 Todai1_10    (0)   11 :  0.032 0.063 0.077 0.017 0.013 0.018 0.005 0.016 0.030 0.330 0.014 0.015 0.031 0.015 0.035 0.023 0.173 0.018 0.070 0.005 


Estimated Allele Frequencies in each cluster
First column gives estimated ancestral frequencies


Locus 1 : m009 
2 alleles
0.0% missing data
 192   (0.813) 0.998 0.422 0.891 0.628 0.859 0.621 0.998 0.755 0.589 0.020 0.800 0.832 0.569 0.831 0.998 0.625 0.892 0.753 0.357 0.998 
 193   (0.187) 0.002 0.578 0.109 0.372 0.141 0.379 0.002 0.245 0.411 0.980 0.200 0.168 0.431 0.169 0.002 0.375 0.108 0.247 0.643 0.002 

Locus 2 : m016 
3 alleles
0.0% missing data
 159   (0.926) 0.999 0.977 0.823 0.970 0.957 0.968 0.011 0.959 0.968 0.754 0.960 0.958 0.969 0.955 0.999 0.966 0.936 0.959 0.981 0.011 
 150   (0.039) 0.001 0.013 0.033 0.017 0.025 0.018 0.000 0.023 0.018 0.246 0.023 0.024 0.018 0.026 0.001 0.020 0.056 0.023 0.011 0.001 
 158   (0.035) 0.000 0.011 0.143 0.013 0.018 0.014 0.988 0.017 0.014 0.001 0.016 0.018 0.013 0.019 0.000 0.014 0.007 0.018 0.008 0.988 

Locus 3 : m033 
2 alleles
0.0% missing data
 124   (0.503) 0.491 0.503 0.498 0.507 0.502 0.501 0.499 0.504 0.515 0.499 0.505 0.503 0.518 0.504 0.491 0.508 0.493 0.507 0.503 0.500 
 136   (0.497) 0.509 0.497 0.502 0.493 0.498 0.499 0.501 0.496 0.485 0.501 0.495 0.497 0.482 0.496 0.509 0.492 0.507 0.493 0.497 0.500 

Locus 4 : m043 
4 alleles
0.0% missing data
 296   (0.179) 0.004 0.078 0.272 0.178 0.152 0.130 0.525 0.168 0.234 0.534 0.173 0.162 0.288 0.176 0.004 0.191 0.307 0.197 0.094 0.519 
 305   (0.492) 0.499 0.480 0.507 0.463 0.482 0.481 0.454 0.477 0.442 0.459 0.471 0.483 0.422 0.481 0.491 0.461 0.543 0.468 0.467 0.456 
 293   (0.312) 0.496 0.436 0.214 0.350 0.354 0.381 0.021 0.342 0.313 0.007 0.345 0.343 0.278 0.331 0.505 0.338 0.145 0.323 0.433 0.025 
 306   (0.018) 0.000 0.006 0.006 0.009 0.012 0.009 0.000 0.013 0.011 0.000 0.011 0.012 0.011 0.012 0.000 0.011 0.004 0.012 0.006 0.000 

Locus 5 : m072b 
3 alleles
0.0% missing data
 319   (0.770) 0.010 0.425 0.502 0.840 0.856 0.872 0.009 0.847 0.789 0.016 0.848 0.850 0.775 0.848 0.010 0.835 0.332 0.827 0.385 0.008 
 318   (0.201) 0.990 0.567 0.488 0.094 0.128 0.114 0.991 0.124 0.119 0.983 0.115 0.130 0.101 0.130 0.990 0.104 0.660 0.124 0.589 0.991 
 315   (0.030) 0.000 0.009 0.010 0.066 0.016 0.014 0.000 0.029 0.092 0.001 0.037 0.020 0.124 0.022 0.000 0.061 0.007 0.049 0.026 0.000 

Locus 6 : m076 
5 alleles
0.0% missing data
 268   (0.383) 0.508 0.433 0.394 0.415 0.400 0.408 0.005 0.397 0.412 0.010 0.406 0.396 0.412 0.391 0.502 0.407 0.504 0.398 0.437 0.005 
 272   (0.388) 0.006 0.479 0.349 0.448 0.433 0.454 0.004 0.435 0.441 0.009 0.434 0.433 0.436 0.431 0.005 0.443 0.372 0.432 0.483 0.004 
 266   (0.138) 0.003 0.058 0.154 0.094 0.115 0.098 0.492 0.117 0.099 0.479 0.107 0.117 0.103 0.123 0.002 0.104 0.093 0.115 0.053 0.491 
 270   (0.053) 0.001 0.018 0.086 0.024 0.032 0.025 0.498 0.031 0.026 0.502 0.030 0.033 0.024 0.034 0.001 0.025 0.015 0.032 0.015 0.498 
 274   (0.038) 0.483 0.011 0.017 0.019 0.021 0.016 0.000 0.021 0.022 0.001 0.022 0.021 0.025 0.021 0.490 0.021 0.015 0.023 0.012 0.000 

Locus 7 : m080 
2 alleles
0.0% missing data
 204   (0.921) 0.012 0.975 0.698 0.966 0.954 0.963 0.999 0.955 0.964 0.024 0.959 0.953 0.966 0.952 0.011 0.962 0.378 0.955 0.979 0.999 
 216   (0.079) 0.988 0.025 0.302 0.034 0.046 0.037 0.001 0.045 0.036 0.976 0.041 0.047 0.034 0.048 0.989 0.038 0.622 0.045 0.021 0.001 

Locus 8 : m084 
2 alleles
0.0% missing data
 219   (0.977) 1.000 0.992 0.992 0.990 0.986 0.989 1.000 0.986 0.989 0.511 0.987 0.986 0.991 0.985 1.000 0.990 0.995 0.986 0.993 1.000 
 223   (0.023) 0.000 0.008 0.008 0.010 0.014 0.011 0.000 0.014 0.011 0.489 0.013 0.014 0.009 0.015 0.000 0.010 0.005 0.014 0.007 0.000 

Values of parameters used in structure:
DATAFILE=All.txt,	OUTFILE=Output,	NUMINDS=210,	NUMLOCI=8,	MISSING=-9,	LABEL=1,	POPDATA=1,	POPFLAG=0,	PHENOTYPE=0,	EXTRACOLS=0,	MAXPOPS=20,	BURNIN=10000,	NUMREPS=50000,	USEPOPINFO=0,	INFERALPHA=1,	INFERLAMBDA=0,	POPSPECIFICLAMBDA=0,	POPALPHAS=0,	COMPUTEPROB=1,	NOADMIX=0,	ADMBURNIN=2500,	UPDATEFREQ=200,	PRINTLIKES=0,	INTERMEDSAVE=0,	PRINTKLD=0,	PRINTNET=0,	PRINTLAMBDA=0,	ANCESTDIST=0,	NUMBOXES=1000,	ANCESTPINT=0.90000,	GENSBACK=2,	MIGRPRIOR=0.05000,	PRINTQHAT=0,	PRINTQSUM=0,	ALPHA=1.0000,	FREQSCORR=1,	FPRIORMEAN=0.1000,	FPRIORSD=0.1000,	ONEFST=0,	LAMBDA=1.0000,	UNIFPRIORALPHA=1,	ALPHAMAX=10.0000,	ALPHAPRIORA=1.0000,	ALPHAPRIORB=2.0000,	ALPHAPROPSD=0.0500,	STARTATPOPINFO=0,	RANDOMIZE=1,	LINKAGE=0,	METROFREQ=20,	REPORTHITRATE=0,	MARKOVPHASE=-1,	PHASED=1,	PLOIDY=2,	PHASEINFO=0	LOCPRIOR=0, 	LOCPRIORINIT=1.000000, 	LOCDATA=0, 	LOCISPOP=0, 	LOCPRIORSTEP=0.100000, 	MAXLOCPRIOR=20.000000, 	SEED=1530771244,	
[STRAT parameters]:    NUMSIMSTATS=1000,	PHENOTYPECOL=-9,	POOLFREQ=10,	LOCUSxONLY=0,	EMERROR=0.00100,	MISSINGPHENO=-9,	